87 109 93 314 1
93 109 106 314 2
87 85 109 314 3
85 89 109 314 4
14 103 13 314 5
103 80 13 314 6
109 89 106 314 7
80 12 13 314 8
88 107 86 314 9
11 76 12 314 10
87 93 90 314 11
102 80 103 314 12
77 13 12 314 13
76 98 97 314 14
77 12 76 314 15
92 86 107 314 16
86 85 87 314 17
105 91 96 314 18
12 99 11 314 19
11 98 76 314 20
97 98 89 314 21
87 88 86 314 22
80 99 12 314 23
97 89 83 314 24
2 98 11 314 25
85 83 89 314 26
101 90 93 314 27
96 102 105 314 28
106 98 2 314 29
90 88 87 314 30
89 98 106 314 31
93 106 101 314 32
90 91 88 314 33
96 100 102 314 34
11 82 2 314 35
91 95 96 314 36
102 100 80 314 37
99 82 11 314 38
99 80 100 314 39
100 96 95 314 40
2 101 106 314 41
91 90 95 314 42
76 97 78 314 43
94 107 88 314 44
90 101 95 314 45
14 13 75 314 46
75 13 77 314 47
2 82 101 314 48
76 78 77 314 49
78 97 83 314 50
100 82 99 314 51
14 81 103 314 52
101 82 95 314 53
100 95 82 314 54
88 91 94 314 55
86 84 85 314 56
102 103 81 314 57
78 83 79 314 58
105 94 91 314 59
85 84 83 314 60
92 84 86 314 61
77 78 75 314 62
83 84 79 314 63
108 1 104 314 64
102 81 105 314 65
14 1 81 314 66
75 78 79 314 67
105 81 94 314 68
92 107 108 314 69
92 108 104 314 70
104 1 14 314 71
92 104 84 314 72
79 84 104 314 73
104 14 75 314 74
94 108 107 314 75
104 75 79 314 76
108 81 1 314 77
94 81 108 314 78
100 317 225 340 79
101 319 259 332 80
190 191 1 203 81
100 237 317 334 82
292 12 13 343 83
102 225 240 325 84
259 319 101 334 85
102 222 240 225 86
223 91 226 96 87
92 193 203 329 88
223 105 231 344 89
82 2 101 256 90
100 225 102 325 91
95 96 100 224 92
206 188 191 353 93
273 259 319 332 94
119 88 344 346 95
100 225 325 340 96
154 79 152 328 97
152 79 321 328 98
122 87 88 86 99
239 225 317 340 100
105 91 223 96 101
83 155 173 338 102
92 190 203 193 103
231 105 335 344 104
91 95 226 96 105
82 101 259 256 106
222 96 102 350 107
152 321 79 330 108
84 83 173 338 109
224 222 96 225 110
240 222 102 350 111
96 100 224 225 112
274 259 256 334 113
120 86 88 346 114
292 291 12 343 115
88 120 122 86 116
238 95 226 331 117
167 338 315 339 118
96 95 226 224 119
105 223 231 221 120
11 2 82 336 121
292 77 12 342 122
226 223 96 224 123
2 256 82 336 124
173 83 84 155 125
98 2 257 349 126
238 319 95 331 127
82 256 259 334 128
252 318 284 327 129
82 254 317 336 130
292 12 294 342 131
257 275 98 349 132
84 173 333 338 133
240 102 325 350 134
205 191 322 335 135
273 319 259 334 136
124 122 120 86 137
237 224 100 225 138
263 169 323 349 139
120 329 86 346 140
124 86 120 329 141
105 221 231 335 142
120 88 119 346 143
119 88 331 344 144
101 82 259 334 145
153 155 84 79 146
258 106 2 101 147
98 275 323 349 148
154 83 155 79 149
258 106 101 332 150
239 230 225 340 151
135 333 161 339 152
82 317 254 334 153
161 338 167 339 154
223 91 105 344 155
254 82 256 336 156
153 79 84 330 157
154 153 152 79 158
226 91 223 344 159
294 12 327 342 160
133 315 269 326 161
237 239 317 334 162
121 88 87 341 163
119 344 118 346 164
134 122 124 86 165
303 318 149 342 166
191 205 108 203 167
226 238 227 95 168
225 230 325 340 169
108 322 191 335 170
203 329 180 346 171
169 263 148 349 172
119 331 88 341 173
88 86 107 346 174
121 119 88 341 175
333 338 161 339 176
84 173 155 163 177
95 91 226 331 178
152 79 153 330 179
105 223 221 350 180
173 163 84 333 181
163 155 84 153 182
1 191 190 188 183
186 335 316 353 184
290 291 292 343 185
134 86 124 333 186
250 315 263 349 187
106 258 261 332 188
106 258 2 349 189
321 330 197 337 190
79 154 78 328 191
98 275 257 348 192
271 258 259 101 193
206 191 81 353 194
77 12 13 345 195
198 179 219 316 196
263 315 148 349 197
224 227 237 334 198
114 167 315 339 199
271 101 259 332 200
252 284 262 327 201
163 153 84 330 202
218 317 286 340 203
92 203 108 329 204
251 236 235 319 205
12 80 343 354 206
161 333 173 338 207
179 215 219 316 208
91 226 331 344 209
239 317 230 340 210
246 266 233 317 211
190 193 92 352 212
12 292 13 345 213
221 335 105 350 214
98 347 323 348 215
12 343 291 354 216
122 86 134 333 217
257 260 275 349 218
108 205 191 322 219
275 98 323 348 220
258 101 271 332 221
77 292 12 345 222
318 323 146 347 223
323 347 318 348 224
76 97 98 347 225
2 257 256 348 226
261 258 106 349 227
265 323 318 348 228
179 215 316 335 229
206 81 191 335 230
247 165 268 318 231
224 95 227 334 232
214 246 233 317 233
291 292 12 294 234
83 84 155 79 235
228 183 217 322 236
86 329 107 346 237
133 269 270 326 238
191 108 1 203 239
179 316 186 335 240
251 264 236 319 241
163 84 320 330 242
92 1 190 352 243
94 335 105 344 244
226 223 241 344 245
108 329 203 346 246
157 173 155 338 247
97 323 98 347 248
106 326 332 349 249
1 190 192 189 250
247 146 318 323 251
170 159 315 338 252
231 335 322 344 253
264 236 319 334 254
160 150 182 320 255
250 148 263 315 256
300 185 316 324 257
95 227 226 224 258
159 148 315 323 259
88 331 90 341 260
155 153 154 79 261
264 319 273 334 262
304 303 149 342 263
162 342 318 347 264
247 318 265 323 265
291 294 12 354 266
105 96 223 350 267
1 192 190 352 268
154 155 83 156 269
230 317 218 340 270
159 169 148 323 271
203 193 180 329 272
106 332 261 349 273
316 335 215 350 274
157 155 83 338 275
238 319 236 334 276
262 284 298 327 277
264 273 259 334 278
119 120 121 88 279
296 218 286 340 280
272 326 315 349 281
84 85 83 338 282
78 154 83 156 283
146 165 247 318 284
192 189 207 352 285
267 319 132 332 286
186 206 335 353 287
101 319 95 334 288
214 246 317 334 289
120 119 118 346 290
162 149 318 342 291
196 183 228 322 292
84 333 85 338 293
189 192 1 352 294
162 318 149 347 295
123 122 87 341 296
205 196 191 335 297
79 154 83 78 298
287 316 232 325 299
160 330 320 352 300
195 160 320 352 301
123 87 326 341 302
178 200 151 321 303
131 166 145 333 304
228 196 322 335 305
201 116 202 320 306
78 328 158 347 307
195 330 160 352 308
151 147 178 321 309
193 329 92 352 310
205 322 196 335 311
172 154 152 328 312
123 87 122 339 313
157 338 83 351 314
160 182 195 320 315
78 172 154 158 316
185 186 316 324 317
223 222 96 224 318
261 332 326 349 319
271 259 273 332 320
85 86 87 339 321
86 329 124 333 322
147 178 321 330 323
78 156 83 351 324
2 98 257 348 325
131 320 166 333 326
135 112 161 333 327
294 327 12 354 328
100 317 82 334 329
129 332 319 341 330
155 157 83 351 331
322 335 94 344 332
215 220 219 316 333
340 343 80 354 334
121 87 122 341 335
81 335 206 353 336
207 104 197 330 337
256 255 336 348 338
172 78 154 328 339
111 267 132 332 340
158 78 172 328 341
145 173 161 333 342
78 347 156 351 343
202 320 116 329 344
160 163 320 330 345
230 218 296 340 346
115 319 216 331 347
163 320 84 333 348
2 258 256 257 349
203 180 205 346 350
179 186 206 335 351
214 317 239 334 352
227 238 236 334 353
261 326 272 349 354
220 316 215 350 355
275 323 265 348 356
123 326 87 339 357
171 318 146 347 358
164 321 301 328 359
246 254 317 334 360
84 320 330 352 361
77 342 292 345 362
170 159 148 315 363
214 233 239 317 364
223 96 222 350 365
162 304 149 342 366
108 94 322 335 367
75 321 79 328 368
302 317 253 336 369
300 282 185 324 370
79 321 75 330 371
147 321 152 330 372
173 145 163 333 373
178 197 321 330 374
111 332 129 341 375
189 197 207 104 376
170 315 167 338 377
291 343 340 354 378
228 322 231 335 379
104 197 330 337 380
118 117 322 344 381
164 301 144 328 382
199 110 130 346 383
275 247 265 323 384
236 238 235 319 385
124 120 138 329 386
324 343 308 345 387
162 158 328 347 388
239 218 230 317 389
195 320 182 352 390
138 329 120 346 391
278 235 245 319 392
264 251 273 319 393
311 244 276 317 394
199 130 322 346 395
142 278 245 319 396
13 324 14 345 397
240 225 230 325 398
85 333 86 339 399
127 202 116 329 400
199 322 180 346 401
310 208 242 316 402
118 113 117 344 403
135 125 333 339 404
171 165 146 318 405
103 324 316 353 406
106 326 93 332 407
241 331 226 344 408
104 330 321 337 409
316 324 186 353 410
316 335 81 353 411
162 328 342 347 412
338 349 89 351 413
126 115 216 331 414
288 316 287 325 415
278 251 235 319 416
293 308 343 345 417
285 321 184 337 418
122 333 134 339 419
112 145 161 333 420
118 344 322 346 421
233 276 244 317 422
213 234 117 344 423
141 167 175 315 424
141 175 279 315 425
179 198 186 316 426
151 152 147 321 427
234 322 117 344 428
171 149 318 347 429
204 320 329 352 430
161 170 167 338 431
131 145 112 333 432
197 104 189 337 433
285 297 321 337 434
261 270 272 326 435
285 184 194 337 436
277 177 313 318 437
303 313 177 318 438
248 267 111 332 439
311 218 244 317 440
212 287 232 325 441
13 343 324 345 442
180 322 205 346 443
286 218 311 317 444
194 324 297 337 445
204 329 193 352 446
231 228 217 322 447
199 180 110 346 448
185 208 300 316 449
198 219 242 316 450
232 287 310 316 451
267 278 142 319 452
178 207 197 330 453
141 279 269 315 454
276 233 266 317 455
204 320 202 329 456
198 242 208 316 457
242 232 310 316 458
208 310 300 316 459
189 1 190 188 460
316 103 325 343 461
269 133 141 315 462
181 185 282 324 463
220 232 316 325 464
199 205 180 322 465
276 253 302 317 466
119 113 118 344 467
246 254 266 317 468
185 181 186 324 469
276 302 311 317 470
245 216 142 319 471
133 270 128 326 472
281 302 253 336 473
155 83 156 351 474
315 326 109 349 475
177 149 303 318 476
163 150 160 320 477
279 175 250 315 478
110 180 329 346 479
301 321 307 328 480
237 214 239 334 481
307 321 297 337 482
216 115 142 319 483
307 285 297 321 484
106 109 326 349 485
132 267 142 319 486
177 277 165 318 487
306 284 318 327 488
270 128 326 332 489
183 196 205 322 490
144 301 280 328 491
158 172 162 328 492
171 162 149 347 493
265 247 268 318 494
262 327 298 336 495
216 319 238 331 496
308 290 293 343 497
213 117 113 344 498
323 89 349 351 499
201 202 204 320 500
324 337 14 345 501
284 277 313 318 502
109 315 89 338 503
288 316 325 343 504
293 343 290 345 505
246 274 254 334 506
297 194 181 324 507
307 321 337 345 508
297 181 282 324 509
129 319 331 341 510
204 202 193 329 511
284 252 277 318 512
101 90 95 319 513
80 13 12 343 514
89 315 109 349 515
165 277 268 318 516
271 261 258 332 517
1 188 189 353 518
101 90 319 332 519
81 316 103 350 520
126 216 229 331 521
180 127 110 329 522
307 337 297 345 523
316 324 103 343 524
285 194 297 337 525
133 136 315 326 526
300 316 288 324 527
194 181 324 337 528
94 344 88 346 529
90 331 319 341 530
82 317 99 336 531
90 95 319 331 532
106 2 98 349 533
312 174 209 321 534
129 331 119 341 535
306 318 303 342 536
280 301 307 328 537
212 283 287 325 538
162 328 304 342 539
309 281 327 336 540
273 319 267 332 541
176 143 211 320 542
100 99 317 340 543
81 335 316 350 544
249 298 281 336 545
141 114 167 315 546
211 143 201 320 547
202 127 180 329 548
265 318 252 348 549
200 178 197 321 550
262 298 249 336 551
140 243 210 322 552
152 321 164 328 553
319 332 90 341 554
82 100 99 317 555
77 76 12 342 556
229 216 238 331 557
327 336 262 348 558
270 326 261 332 559
91 331 88 344 560
220 325 316 350 561
174 312 301 321 562
249 281 253 336 563
255 256 257 348 564
129 319 115 331 565
111 128 248 332 566
189 104 207 352 567
309 336 327 354 568
270 248 128 332 569
119 331 113 344 570
143 116 201 320 571
125 122 134 339 572
129 119 121 341 573
312 209 285 321 574
285 209 184 321 575
210 199 140 322 576
176 131 143 320 577
200 174 151 321 578
111 139 128 326 579
245 235 216 319 580
230 296 325 340 581
174 301 164 321 582
209 174 200 321 583
168 146 323 347 584
288 324 316 343 585
137 116 320 329 586
76 327 12 342 587
243 183 210 322 588
121 122 123 341 589
243 217 183 322 590
111 326 128 332 591
182 176 211 320 592
175 148 250 315 593
140 117 234 322 594
199 130 140 322 595
186 324 181 353 596
144 152 164 328 597
81 103 316 353 598
234 243 140 322 599
202 180 193 329 600
162 280 304 328 601
182 150 176 320 602
86 84 329 333 603
100 325 80 340 604
131 176 166 320 605
298 327 281 336 606
280 162 144 328 607
213 113 331 344 608
189 337 104 353 609
81 103 102 350 610
109 315 338 339 611
281 298 309 327 612
75 321 104 330 613
213 113 229 331 614
233 244 218 317 615
86 84 92 329 616
104 321 75 337 617
189 1 104 352 618
160 153 163 330 619
212 230 283 325 620
104 330 207 352 621
125 134 333 339 622
306 298 284 327 623
220 212 232 325 624
278 267 251 319 625
135 125 112 333 626
276 266 253 317 627
155 156 157 351 628
292 294 295 342 629
124 329 137 333 630
230 296 283 325 631
106 109 93 326 632
279 250 269 315 633
310 287 300 316 634
219 232 242 316 635
198 208 185 316 636
292 342 295 345 637
250 272 315 349 638
99 336 317 354 639
283 288 287 325 640
284 313 303 318 641
286 311 302 317 642
137 127 116 329 643
229 113 126 331 644
254 253 317 336 645
262 265 252 348 646
315 89 338 349 647
307 328 321 345 648
142 115 132 319 649
168 347 323 351 650
131 137 320 333 651
102 80 100 325 652
92 329 320 352 653
195 182 204 352 654
139 111 129 341 655
134 124 137 333 656
85 338 333 339 657
109 326 315 339 658
247 263 169 323 659
76 327 318 348 660
305 328 307 345 661
177 165 149 318 662
286 317 299 340 663
187 337 189 353 664
101 93 90 332 665
292 295 305 345 666
289 340 291 343 667
307 297 293 345 668
304 328 280 342 669
182 320 204 352 670
268 277 252 318 671
91 94 105 344 672
90 332 93 341 673
167 148 175 315 674
318 327 76 342 675
84 320 92 329 676
304 306 303 342 677
190 192 193 352 678
189 104 1 353 679
260 258 261 349 680
93 101 106 332 681
287 288 300 316 682
185 186 198 316 683
232 219 220 316 684
250 263 272 349 685
147 152 153 330 686
238 226 229 331 687
76 318 342 347 688
126 129 115 331 689
137 329 320 333 690
306 327 318 342 691
229 331 241 344 692
114 315 136 339 693
281 336 309 354 694
295 280 328 342 695
104 337 14 353 696
292 293 290 345 697
133 128 136 326 698
305 280 307 328 699
324 337 187 353 700
320 329 84 333 701
94 322 344 346 702
247 169 146 323 703
300 288 282 324 704
254 253 266 317 705
170 148 167 315 706
228 231 221 335 707
226 241 229 331 708
273 267 248 332 709
168 171 146 347 710
95 100 82 334 711
201 182 211 320 712
187 324 181 337 713
213 229 241 344 714
92 108 107 329 715
108 107 329 346 716
255 262 336 348 717
82 99 11 336 718
141 133 114 315 719
42 144 280 162 720
110 180 22 127 721
99 317 340 354 722
263 169 37 247 723
75 13 14 345 724
213 331 229 344 725
299 286 302 317 726
79 75 104 330 727
108 81 94 335 728
315 326 136 339 729
252 265 268 318 730
51 217 228 183 731
66 286 296 218 732
56 285 184 194 733
131 112 137 333 734
151 174 164 321 735
107 94 88 346 736
289 288 325 343 737
72 281 249 298 738
213 27 229 113 739
128 32 111 248 740
312 285 301 321 741
297 57 282 181 742
212 67 283 230 743
232 68 287 212 744
58 300 282 185 745
179 198 219 53 746
184 321 197 337 747
235 238 216 319 748
97 347 78 351 749
115 216 26 126 750
160 182 150 46 751
262 252 71 284 752
127 180 22 202 753
162 280 42 304 754
200 184 209 321 755
93 109 87 326 756
233 218 239 317 757
280 305 295 328 758
138 110 329 346 759
240 325 220 350 760
78 342 328 347 761
323 347 97 351 762
117 213 28 234 763
302 281 253 73 764
178 200 48 151 765
143 131 116 320 766
90 88 91 331 767
32 128 270 248 768
140 130 117 322 769
75 14 337 345 770
27 126 229 113 771
262 72 249 298 772
210 183 199 322 773
295 304 280 342 774
87 88 90 341 775
57 297 194 181 776
230 67 283 296 777
166 176 150 320 778
110 23 199 130 779
246 63 233 266 780
164 43 144 301 781
187 181 324 353 782
114 125 135 339 783
243 234 217 322 784
109 87 326 339 785
251 267 273 319 786
115 129 132 319 787
156 158 168 347 788
303 306 284 318 789
156 347 168 351 790
18 131 166 145 791
111 33 132 267 792
268 247 38 165 793
231 322 234 344 794
247 169 37 146 795
103 80 325 343 796
299 340 317 354 797
103 14 13 324 798
12 99 80 354 799
98 323 89 349 800
14 324 103 353 801
75 79 78 328 802
118 322 130 346 803
195 178 47 330 804
149 165 171 318 805
250 272 269 315 806
56 285 194 297 807
296 230 66 218 808
196 51 228 183 809
90 91 95 331 810
136 114 133 315 811
185 282 58 181 812
283 287 68 212 813
219 215 179 53 814
84 92 320 352 815
151 164 152 321 816
126 216 26 229 817
298 262 71 284 818
46 160 182 195 819
113 213 28 117 820
147 178 48 151 821
249 253 281 73 822
263 275 260 349 823
294 327 306 342 824
94 91 88 344 825
263 323 275 349 826
95 82 101 334 827
178 147 47 330 828
102 103 80 325 829
117 130 118 322 830
23 199 180 110 831
280 144 43 301 832
214 63 233 246 833
161 173 157 338 834
47 160 195 330 835
52 179 196 335 836
62 264 246 334 837
256 255 254 336 838
197 184 200 321 839
33 111 248 267 840
289 325 296 340 841
79 84 330 352 842
123 122 125 339 843
195 192 207 352 844
77 328 342 345 845
231 217 234 322 846
52 215 179 335 847
110 127 138 329 848
13 103 324 343 849
264 62 236 334 850
47 147 160 330 851
282 308 297 324 852
62 246 214 334 853
195 207 330 352 854
89 109 106 349 855
11 336 99 354 856
163 166 150 320 857
196 228 52 335 858
289 291 290 343 859
206 191 196 335 860
18 131 145 112 861
146 38 247 165 862
236 62 214 334 863
97 78 83 351 864
97 89 98 323 865
168 323 159 351 866
220 240 212 325 867
228 215 52 335 868
80 340 325 343 869
149 304 41 303 870
251 236 61 235 871
116 202 21 201 872
288 283 289 325 873
152 144 172 328 874
93 332 326 341 875
136 326 123 339 876
201 204 182 320 877
99 340 80 354 878
161 16 135 167 879
301 285 307 321 880
75 321 328 345 881
240 230 212 325 882
289 283 296 325 883
85 109 89 338 884
231 241 223 344 885
325 340 289 343 886
87 93 326 341 887
183 205 199 322 888
125 114 136 339 889
172 144 162 328 890
106 98 89 349 891
131 137 116 320 892
16 114 135 167 893
1 104 14 353 894
109 338 85 339 895
259 274 264 334 896
133 269 31 270 897
2 11 98 348 898
254 249 253 336 899
100 80 99 340 900
112 125 134 333 901
94 81 105 335 902
304 162 149 41 903
236 264 251 61 904
202 21 127 116 905
296 286 299 340 906
189 187 197 337 907
11 12 327 354 908
75 337 321 345 909
89 323 97 351 910
146 159 168 323 911
11 327 336 354 912
11 336 327 348 913
309 327 294 354 914
11 327 76 348 915
171 158 162 347 916
194 187 181 337 917
14 337 324 353 918
288 308 324 343 919
270 261 248 332 920
76 342 78 347 921
213 231 234 344 922
299 281 309 354 923
31 128 133 270 924
309 294 291 354 925
78 77 328 342 926
79 330 104 352 927
184 197 194 337 928
139 123 326 341 929
110 118 130 346 930
129 126 119 331 931
77 75 78 328 932
159 146 169 323 933
11 99 12 354 934
223 222 221 350 935
126 113 119 331 936
237 227 214 334 937
255 262 249 336 938
308 282 288 324 939
294 306 295 342 940
137 124 127 329 941
120 118 138 346 942
12 76 11 327 943
170 157 159 338 944
257 275 265 348 945
75 328 77 345 946
109 85 87 339 947
98 11 76 348 948
86 92 107 329 949
175 141 15 167 950
157 170 161 338 951
248 271 273 332 952
247 275 263 323 953
187 189 188 353 954
136 123 125 339 955
291 340 299 354 956
157 159 338 351 957
59 300 185 208 958
198 219 54 242 959
232 69 310 287 960
112 134 137 333 961
217 50 243 183 962
285 209 55 184 963
65 286 218 311 964
29 117 234 140 965
174 200 151 49 966
253 74 276 302 967
78 76 77 342 968
218 244 65 311 969
312 209 55 285 970
50 210 243 183 971
242 69 310 232 972
208 198 54 242 973
208 59 300 310 974
178 195 207 330 975
83 85 89 338 976
34 267 278 142 977
177 39 165 277 978
143 176 19 131 979
276 233 244 64 980
199 140 24 210 981
301 312 174 44 982
311 276 74 302 983
243 29 234 140 984
49 174 200 209 985
179 206 196 335 986
215 335 221 350 987
306 294 298 327 988
24 140 199 130 989
164 301 174 44 990
64 276 233 266 991
141 269 30 133 992
298 294 309 327 993
81 14 103 353 994
248 261 271 332 995
187 186 181 353 996
39 268 165 277 997
267 34 132 142 998
131 176 19 166 999
76 78 97 347 1000
105 102 96 350 1001
128 139 123 326 1002
81 105 335 350 1003
79 104 84 352 1004
182 45 176 150 1005
25 142 216 115 1006
70 284 252 277 1007
138 127 124 329 1008
114 15 141 167 1009
142 245 25 216 1010
182 45 211 176 1011
277 70 284 313 1012
262 255 265 348 1013
236 214 227 334 1014
188 206 186 353 1015
211 20 201 143 1016
60 245 278 235 1017
40 177 303 313 1018
30 279 269 141 1019
139 121 123 341 1020
306 304 295 342 1021
89 83 338 351 1022
20 116 201 143 1023
149 40 177 303 1024
278 251 60 235 1025
246 264 274 334 1026
195 204 192 352 1027
129 121 139 341 1028
220 215 221 350 1029
299 291 289 340 1030
204 193 192 352 1031
250 279 35 175 1032
104 75 14 337 1033
81 102 105 350 1034
263 260 272 349 1035
123 136 128 326 1036
160 147 153 330 1037
108 322 94 346 1038
255 249 254 336 1039
240 220 222 350 1040
231 213 241 344 1041
103 13 80 343 1042
261 272 260 349 1043
292 305 293 345 1044
92 104 1 352 1045
289 290 288 343 1046
288 290 308 343 1047
194 197 187 337 1048
175 35 250 148 1049
215 228 221 335 1050
257 265 255 348 1051
118 110 138 346 1052
93 87 90 341 1053
86 85 84 333 1054
84 104 92 352 1055
198 219 53 54 1056
58 300 185 59 1057
69 232 68 287 1058
28 29 117 234 1059
200 48 151 49 1060
253 74 302 73 1061
108 94 107 346 1062
291 299 309 354 1063
289 296 299 340 1064
310 208 9 242 1065
8 312 174 209 1066
140 243 5 210 1067
244 10 311 276 1068
3 211 176 143 1069
278 245 6 142 1070
277 177 7 313 1071
141 4 279 175 1072
296 230 67 66 1073
196 228 51 52 1074
297 194 56 57 1075
26 27 126 229 1076
72 262 71 298 1077
195 46 160 47 1078
157 156 159 351 1079
180 22 23 110 1080
280 144 42 43 1081
63 214 62 246 1082
199 23 24 130 1083
301 164 43 44 1084
63 64 233 266 1085
111 32 33 248 1086
131 19 18 166 1087
132 33 34 267 1088
268 38 39 165 1089
89 97 83 351 1090
57 58 282 181 1091
67 283 68 212 1092
215 52 179 53 1093
158 171 168 347 1094
213 28 27 113 1095
178 48 47 147 1096
73 281 249 72 1097
61 236 264 62 1098
127 22 21 202 1099
304 42 162 41 1100
217 51 50 183 1101
55 56 285 184 1102
218 66 286 65 1103
128 31 32 270 1104
14 81 1 353 1105
17 18 145 112 1106
37 38 247 146 1107
293 305 307 345 1108
269 31 30 133 1109
37 36 169 263 1110
17 16 135 161 1111
188 186 187 353 1112
216 26 25 115 1113
252 71 284 70 1114
182 45 150 46 1115
114 16 15 167 1116
60 251 61 235 1117
21 20 116 201 1118
149 41 40 303 1119
220 221 222 350 1120
208 9 59 310 1121
208 54 9 242 1122
69 310 9 242 1123
8 312 209 55 1124
65 244 10 311 1125
210 243 5 50 1126
7 39 177 277 1127
176 19 3 143 1128
278 6 34 142 1129
5 24 140 210 1130
49 8 174 209 1131
244 10 276 64 1132
243 5 29 140 1133
174 312 8 44 1134
10 311 276 74 1135
168 159 156 351 1136
177 40 7 313 1137
245 25 6 142 1138
6 60 245 278 1139
211 45 3 176 1140
3 20 211 143 1141
7 70 277 313 1142
279 30 4 141 1143
77 13 75 345 1144
35 36 250 148 1145
15 4 141 175 1146
4 35 279 175 1147
92 104 108 1 1148
256 101 258 2 1149
256 258 101 259 1150
96 225 102 100 1151
102 225 96 222 1152
317 225 237 100 1153
317 237 225 239 1154
336 2 348 11 1155
336 348 2 256 1156
122 88 121 120 1157
122 121 88 87 1158
334 224 100 237 1159
334 100 224 95 1160
148 349 323 169 1161
323 349 148 315 1162
81 191 108 1 1163
81 108 191 335 1164
205 346 108 203 1165
108 346 205 322 1166
256 334 254 274 1167
254 334 256 82 1168
257 349 258 260 1169
258 349 257 2 1170
292 343 345 290 1171
345 343 292 13 1172
327 252 348 262 1173
327 348 252 318 1174
353 191 1 188 1175
353 1 191 81 1176
348 347 76 98 1177
348 76 347 318 1178
326 269 272 315 1179
326 272 269 270 1180
135 167 339 161 1181
339 167 135 114 1182
158 78 156 154 1183
158 156 78 347 1184
334 238 95 227 1185
334 95 238 319 1186
1 203 92 190 1187
92 203 1 108 1188
339 86 122 333 1189
339 122 86 87 1190
350 103 325 316 1191
350 325 103 102 1192
132 332 129 111 1193
129 332 132 319 1194
333 166 163 320 1195
333 163 166 145 1196
351 159 315 323 1197
315 159 351 338 1198
315 349 351 323 1199
351 349 315 338 1200
336 302 354 281 1201
336 354 302 317 1202
299 354 302 281 1203
299 302 354 317 1204
263 148 36 169 1205
263 36 148 250 1206
345 297 324 337 1207
345 308 297 293 1208
345 297 308 324 1209
112 161 17 135 1210
112 17 161 145 1211
341 111 326 139 1212
341 326 111 332 1213
345 295 328 342 1214
345 328 295 305 1215
