0.0 0.0 0.25 1
0.0 0.0 -0.25 2
-0.5 -0.5 0.5 3
-0.5 -0.5 -0.5 4
-0.5 0.5 0.5 5
-0.5 0.5 -0.5 6
0.5 -0.5 -0.5 7
0.5 -0.5 0.5 8
0.5 0.5 0.5 9
0.5 0.5 -0.5 10
0.1469463130731184 0.0 -0.2022542485937368 11
0.2377641290737885 0.0 -0.07725424859373649 12
0.2377641290737884 0.0 0.077254248593737 13
0.1469463130731185 0.0 0.2022542485937367 14
-0.5 -0.5 -0.3333333333333338 15
-0.5 -0.5 -0.1666666666666676 16
-0.5 -0.5 0.0 17
-0.5 -0.5 0.1666666666666646 18
-0.5 -0.5 0.3333333333333321 19
-0.5 -0.3333333333333338 0.5 20
-0.5 -0.1666666666666676 0.5 21
-0.5 0.0 0.5 22
-0.5 0.1666666666666646 0.5 23
-0.5 0.3333333333333321 0.5 24
-0.5 0.5 -0.3333333333333338 25
-0.5 0.5 -0.1666666666666676 26
-0.5 0.5 0.0 27
-0.5 0.5 0.1666666666666646 28
-0.5 0.5 0.3333333333333321 29
-0.5 -0.3333333333333338 -0.5 30
-0.5 -0.1666666666666676 -0.5 31
-0.5 0.0 -0.5 32
-0.5 0.1666666666666646 -0.5 33
-0.5 0.3333333333333321 -0.5 34
-0.3333333333333338 -0.5 -0.5 35
-0.1666666666666676 -0.5 -0.5 36
0.0 -0.5 -0.5 37
0.1666666666666646 -0.5 -0.5 38
0.3333333333333321 -0.5 -0.5 39
0.5 -0.5 -0.3333333333333338 40
0.5 -0.5 -0.1666666666666676 41
0.5 -0.5 0.0 42
0.5 -0.5 0.1666666666666646 43
0.5 -0.5 0.3333333333333321 44
-0.3333333333333338 -0.5 0.5 45
-0.1666666666666676 -0.5 0.5 46
0.0 -0.5 0.5 47
0.1666666666666646 -0.5 0.5 48
0.3333333333333321 -0.5 0.5 49
-0.3333333333333338 0.5 0.5 50
-0.1666666666666676 0.5 0.5 51
0.0 0.5 0.5 52
0.1666666666666646 0.5 0.5 53
0.3333333333333321 0.5 0.5 54
0.5 -0.3333333333333338 0.5 55
0.5 -0.1666666666666676 0.5 56
0.5 0.0 0.5 57
0.5 0.1666666666666646 0.5 58
0.5 0.3333333333333321 0.5 59
-0.3333333333333338 0.5 -0.5 60
-0.1666666666666676 0.5 -0.5 61
0.0 0.5 -0.5 62
0.1666666666666646 0.5 -0.5 63
0.3333333333333321 0.5 -0.5 64
0.5 0.5 -0.3333333333333338 65
0.5 0.5 -0.1666666666666676 66
0.5 0.5 0.0 67
0.5 0.5 0.1666666666666646 68
0.5 0.5 0.3333333333333321 69
0.5 -0.3333333333333338 -0.5 70
0.5 -0.1666666666666676 -0.5 71
0.5 0.0 -0.5 72
0.5 0.1666666666666646 -0.5 73
0.5 0.3333333333333321 -0.5 74
0.1648410968336121 -0.1171929770460193 0.1469463130731183 75
0.1720477400609874 -0.131432778030383 -0.1249999999964919 76
0.2210822700897731 -0.1167151433453523 0.0004529523446117786 77
0.1104341505823905 -0.2235561688806699 -0.01808141976016544 78
0.0312848069397125 -0.2186457697328556 0.1171122889908313 79
0.2126627021000424 0.1314327780103145 0.0 80
0.0657163890142958 0.1314327780266205 0.2022542485959858 81
0.06571638901419331 0.1314327780269894 -0.2022542485957795 82
-0.04444601559699727 -0.2449955612975928 -0.02239925539005575 83
-0.1228813602317229 -0.1887932117149049 0.1084310588252862 84
-0.1820185544010311 -0.1686317771447775 -0.03053800240279238 85
-0.2252790759877251 -0.07068447500534966 0.08217690013218365 86
-0.2404126499631312 -0.03051004009103483 -0.06140761509249804 87
-0.2321681625850825 0.08060698702498127 0.045830753044448 88
-0.08323224976313613 -0.1840208238327849 -0.1473388237881315 89
-0.197240686307136 0.1155143533721776 -0.1012548558346594 90
-0.1357606123425109 0.2090826673312793 0.01880144563654846 91
-0.1310690457192648 -0.06016594435066244 0.2042081398833903 92
-0.1838811335895706 -0.001186506694347868 -0.1693703660965482 93
-0.1285897748088218 0.1586625254252867 0.1441904048135199 94
-0.0670300147872276 0.2149328612666644 -0.1086776990249097 95
0.003391774620724506 0.2499093566356116 0.005814579167652502 96
0.04727223480461287 -0.2125017913808587 -0.1229159244219542 97
0.04755282581822198 -0.1175570504747603 -0.2154508497091077 98
0.1929584217482073 0.1189817058804362 -0.1054058876070135 99
0.1081638422948115 0.2128397431829543 -0.07416081810388277 100
-0.08525113533929556 0.08025746631333386 -0.220886810435402 101
0.1126626038471403 0.2123448226197863 0.06867906523063476 102
0.1777108993826012 0.1193661400592497 0.1291145260920807 103
0.03149709927623025 -0.09402288435264033 0.2294942917703909 104
-0.006744210538839773 0.2224138791416645 0.1139586854494419 105
-0.1069816741662855 -0.0651373708018724 -0.2163609121759245 106
-0.1901765586925992 0.04308094666368673 0.1564509781318127 107
-0.1483807597829587 0.07750845506019982 0.1856760337803802 108
-0.1793925976737776 -0.1098429015770453 -0.1351030453875474 109
-0.5 0.09778760911776285 0.3506173125074279 110
-0.5 0.09778760911776263 -0.3506173125074291 111
-0.5 -0.3491573523912473 0.0815109568340524 112
-0.5 0.3556624327025939 0.0833333333333316 113
-0.5 -0.3486919098564352 -0.2376257747152442 114
-0.5 0.3588713258240283 -0.2492937717865213 115
-0.5 -0.2522937250022407 0.3611620212026556 116
-0.5 0.358871325824028 0.2492937717865189 117
-0.5 0.1975287124464881 0.1925646466622739 118
-0.5 0.2090255065787381 0.004316329999266566 119
-0.5 0.06698729810778192 0.08333333333333115 120
-0.5 0.06381293421554957 -0.0777795531757719 121
-0.5 -0.07493641577898863 0.0009256300262585615 122
-0.5 -0.07873396913733699 -0.1600894341814629 123
-0.5 -0.0773502691896239 0.1666666666666643 124
-0.5 -0.2277778290501113 -0.08009999190130146 125
-0.5 0.355814021751758 -0.08249624029787672 126
-0.5 -0.07907868459423845 0.3318012084636077 127
-0.5 -0.07795702464481236 -0.3308249698876641 128
-0.5 0.1967684076365566 -0.191035046206235 129
-0.5 0.2514957068082695 0.3613549960618434 130
-0.5 -0.3630506580186297 0.2528831044824418 131
-0.5 0.2514051943308966 -0.3611729007694585 132
-0.5 -0.2444377959922679 -0.360721643758191 133
-0.5 -0.1868980160819413 0.07843441428805842 134
-0.5 -0.3851254182595588 -0.0805762952898324 135
-0.5 -0.1955197057361928 -0.2338723628887727 136
-0.5 -0.2179714508796536 0.2120763953229133 137
-0.5 0.05024047358083783 0.2209936490538891 138
-0.5 0.04033559143754395 -0.2220692631917126 139
-0.5 0.3779915320718531 0.3779915320718531 140
-0.5 -0.3779915320718541 -0.3779915320718541 141
-0.5 0.3779915320718541 -0.3779915320718544 142
-0.5 -0.3779915320718544 0.3779915320718541 143
0.3506173125074281 -0.5 0.09778760911776285 144
-0.3506173125074291 -0.5 0.09778760911776263 145
0.0815109568340523 -0.5 -0.3491573523912473 146
0.0833333333333316 -0.5 0.3556624327025939 147
-0.2376257747152442 -0.5 -0.3486919098564352 148
0.3611620212026556 -0.5 -0.2522937250022408 149
-0.2492937717865213 -0.5 0.3588713258240283 150
0.2492937717865189 -0.5 0.358871325824028 151
0.1925646466622739 -0.5 0.197528712446488 152
0.004316329999266566 -0.5 0.2090255065787381 153
0.08333333333333104 -0.5 0.06698729810778192 154
-0.07777955317577201 -0.5 0.06381293421554957 155
0.0009256300262583395 -0.5 -0.07493641577898863 156
-0.1600894341814629 -0.5 -0.07873396913733699 157
0.1666666666666641 -0.5 -0.07735026918962395 158
-0.08009999190130157 -0.5 -0.2277778290501113 159
-0.08249624029787672 -0.5 0.355814021751758 160
-0.3308249698876641 -0.5 -0.07795702464481236 161
0.3318012084636078 -0.5 -0.07907868459423845 162
-0.1910350462062351 -0.5 0.1967684076365565 163
0.3613549960618434 -0.5 0.2514957068082695 164
0.2528831044824416 -0.5 -0.3630506580186298 165
-0.3611729007694585 -0.5 0.2514051943308966 166
-0.360721643758191 -0.5 -0.2444377959922679 167
0.0784344142880582 -0.5 -0.1868980160819414 168
-0.08057629528983251 -0.5 -0.3851254182595588 169
-0.2338723628887727 -0.5 -0.1955197057361927 170
0.2120763953229132 -0.5 -0.2179714508796536 171
0.2209936490538889 -0.5 0.05024047358083794 172
-0.2220692631917127 -0.5 0.04033559143754395 173
0.3779915320718531 -0.5 0.3779915320718531 174
-0.3779915320718542 -0.5 -0.3779915320718542 175
-0.3779915320718544 -0.5 0.3779915320718541 176
0.3779915320718541 -0.5 -0.3779915320718545 177
0.09778760911776263 -0.3506173125074291 0.5 178
0.09778760911776285 0.3506173125074281 0.5 179
-0.3491573523912473 0.0815109568340523 0.5 180
0.3556624327025939 0.0833333333333316 0.5 181
-0.2541201705266418 -0.3643697397016906 0.5 182
-0.2522937250022408 0.3611620212026556 0.5 183
0.3588713258240283 -0.2492937717865213 0.5 184
0.358871325824028 0.2492937717865189 0.5 185
0.197528712446488 0.1925646466622739 0.5 186
0.2090255065787381 0.004316329999266566 0.5 187
0.06698729810778192 0.08333333333333104 0.5 188
0.06381293421554957 -0.07777955317577201 0.5 189
-0.07493641577898863 0.0009256300262583395 0.5 190
-0.07735026918962395 0.1666666666666641 0.5 191
-0.078630060799939 -0.1599094596617596 0.5 192
-0.2164287015149211 -0.05953408244436675 0.5 193
0.355814021751758 -0.08249624029787672 0.5 194
-0.07960928604161682 -0.3312147972365705 0.5 195
-0.07907868459423845 0.3318012084636078 0.5 196
0.1967684076365565 -0.1910350462062351 0.5 197
0.2514957068082695 0.3613549960618434 0.5 198
-0.3630506580186298 0.2528831044824416 0.5 199
0.2514051943308966 -0.3611729007694585 0.5 200
-0.3686927328593508 -0.2581927692234012 0.5 201
-0.3648365387772059 -0.09400476030881078 0.5 202
-0.1846281905749034 0.08254759617944518 0.5 203
-0.2166806401037822 -0.2167924239990174 0.5 204
-0.2175931466284806 0.2127619256381443 0.5 205
0.05024047358083794 0.2209936490538889 0.5 206
0.04002592082566259 -0.2221112337575533 0.5 207
0.3779915320718531 0.3779915320718531 0.5 208
0.3779915320718541 -0.3779915320718544 0.5 209
-0.3779915320718545 0.3779915320718541 0.5 210
-0.3788401225741576 -0.3788401225741576 0.5 211
0.3506173125074281 0.5 0.09778760911776285 212
-0.3506173125074291 0.5 0.09778760911776263 213
0.0815109568340523 0.5 -0.3491573523912473 214
0.0833333333333316 0.5 0.3556624327025939 215
-0.3643697397016906 0.5 -0.2541201705266418 216
-0.2492937717865213 0.5 0.3588713258240283 217
0.3611620212026556 0.5 -0.2522937250022408 218
0.2492937717865189 0.5 0.358871325824028 219
0.1925646466622739 0.5 0.197528712446488 220
0.004316329999266566 0.5 0.2090255065787381 221
0.08333333333333104 0.5 0.06698729810778192 222
-0.07777955317577201 0.5 0.06381293421554957 223
0.0009256300262583395 0.5 -0.07493641577898863 224
0.1666666666666641 0.5 -0.07735026918962395 225
-0.1599094596617596 0.5 -0.078630060799939 226
-0.05953408244436675 0.5 -0.2164287015149211 227
-0.08249624029787672 0.5 0.355814021751758 228
-0.3312147972365705 0.5 -0.07960928604161682 229
0.3318012084636078 0.5 -0.07907868459423845 230
-0.1910350462062351 0.5 0.1967684076365565 231
0.3613549960618434 0.5 0.2514957068082695 232
0.2528831044824416 0.5 -0.3630506580186298 233
-0.3611729007694585 0.5 0.2514051943308966 234
-0.2581927692234012 0.5 -0.3686927328593508 235
-0.09400476030881078 0.5 -0.3648365387772059 236
0.08254759617944518 0.5 -0.1846281905749034 237
-0.2167924239990174 0.5 -0.2166806401037822 238
0.2127619256381443 0.5 -0.2175931466284806 239
0.2209936490538889 0.5 0.05024047358083794 240
-0.2221112337575533 0.5 0.04002592082566259 241
0.3779915320718531 0.5 0.3779915320718531 242
-0.3779915320718544 0.5 0.3779915320718541 243
0.3779915320718541 0.5 -0.3779915320718545 244
-0.3788401225741576 0.5 -0.3788401225741576 245
0.09778760911776285 0.3506173125074281 -0.5 246
0.09778760911776263 -0.3506173125074291 -0.5 247
-0.3491573523912473 0.0815109568340523 -0.5 248
0.3556624327025939 0.0833333333333316 -0.5 249
-0.2541201705266418 -0.3643697397016906 -0.5 250
-0.2522937250022408 0.3611620212026556 -0.5 251
0.3588713258240283 -0.2492937717865213 -0.5 252
0.358871325824028 0.2492937717865189 -0.5 253
0.197528712446488 0.1925646466622739 -0.5 254
0.2090255065787381 0.004316329999266566 -0.5 255
0.06698729810778192 0.08333333333333104 -0.5 256
0.06381293421554957 -0.07777955317577201 -0.5 257
-0.07493641577898863 0.0009256300262583395 -0.5 258
-0.07735026918962395 0.1666666666666641 -0.5 259
-0.078630060799939 -0.1599094596617596 -0.5 260
-0.2164287015149211 -0.05953408244436675 -0.5 261
0.355814021751758 -0.08249624029787672 -0.5 262
-0.07960928604161682 -0.3312147972365705 -0.5 263
-0.07907868459423845 0.3318012084636078 -0.5 264
0.1967684076365565 -0.1910350462062351 -0.5 265
0.2514957068082695 0.3613549960618434 -0.5 266
-0.3630506580186298 0.2528831044824416 -0.5 267
0.2514051943308966 -0.3611729007694585 -0.5 268
-0.3686927328593508 -0.2581927692234012 -0.5 269
-0.3648365387772059 -0.09400476030881078 -0.5 270
-0.1846281905749034 0.08254759617944518 -0.5 271
-0.2166806401037822 -0.2167924239990174 -0.5 272
-0.2175931466284806 0.2127619256381443 -0.5 273
0.05024047358083794 0.2209936490538889 -0.5 274
0.04002592082566259 -0.2221112337575533 -0.5 275
0.3779915320718531 0.3779915320718531 -0.5 276
0.3779915320718541 -0.3779915320718544 -0.5 277
-0.3779915320718545 0.3779915320718541 -0.5 278
-0.3788401225741576 -0.3788401225741576 -0.5 279
0.5 -0.3491573523912473 0.0815109568340523 280
0.5 0.09778760911776263 -0.3506173125074291 281
0.5 0.09778760911776285 0.3506173125074281 282
0.5 0.3556624327025939 0.0833333333333316 283
0.5 -0.2541201705266418 -0.3643697397016906 284
0.5 -0.2522937250022408 0.3611620212026556 285
0.5 0.3588713258240283 -0.2492937717865213 286
0.5 0.358871325824028 0.2492937717865189 287
0.5 0.197528712446488 0.1925646466622739 288
0.5 0.2090255065787381 0.004316329999266566 289
0.5 0.06698729810778192 0.08333333333333104 290
0.5 0.06381293421554957 -0.07777955317577201 291
0.5 -0.07493641577898863 0.0009256300262583395 292
0.5 -0.07735026918962395 0.1666666666666641 293
0.5 -0.078630060799939 -0.1599094596617596 294
0.5 -0.2164287015149211 -0.05953408244436675 295
0.5 0.355814021751758 -0.08249624029787672 296
0.5 -0.0790786845942385 0.3318012084636078 297
0.5 -0.07960928604161682 -0.3312147972365705 298
0.5 0.1967684076365565 -0.1910350462062351 299
0.5 0.2514957068082695 0.3613549960618434 300
0.5 -0.3630506580186298 0.2528831044824416 301
0.5 0.2514051943308966 -0.3611729007694585 302
0.5 -0.3686927328593508 -0.2581927692234012 303
0.5 -0.3648365387772059 -0.09400476030881078 304
0.5 -0.1846281905749034 0.08254759617944518 305
0.5 -0.2166806401037822 -0.2167924239990174 306
0.5 -0.2175931466284806 0.2127619256381443 307
0.5 0.05024047358083772 0.220993649053889 308
0.5 0.04002592082566259 -0.2221112337575533 309
0.5 0.3779915320718531 0.3779915320718531 310
0.5 0.3779915320718541 -0.3779915320718544 311
0.5 -0.3779915320718545 0.3779915320718541 312
0.5 -0.3788401225741576 -0.3788401225741576 313
0.0 0.0 0.0 314
-0.2794635749075627 -0.2704779716473287 -0.2778225102621292 315
0.2774565253272394 0.2774565253272394 0.2774565253272394 316
0.2749794570857655 0.2725253620677066 -0.2739068322396627 317
0.2777707140512423 -0.2789452848189314 -0.2785256460874246 318
-0.275355577198785 0.269884306084774 -0.2713699509453344 319
-0.2780509782585444 -0.2776118988206861 0.2768396836174705 320
0.2790576844639185 -0.2786445210412985 0.2783237255861376 321
-0.2796386614146822 0.2793342714732399 0.2800306956158975 322
0.002138567098053296 -0.3007101673642567 -0.3085348453778103 323
0.3120795505557113 0.08401501338738387 0.2683842028950753 324
0.2966562991799453 0.3032554533461981 0.07467545283123647 325
-0.3317589136026902 -0.09113376735162716 -0.2455153959908606 326
0.32162746232206 -0.07592594453953294 -0.2336760295514179 327
0.2870619869863716 -0.3024960639728332 0.0705885366223085 328
-0.3207623449815798 -0.06643970500109396 0.2533603556472401 329
0.008198180718212947 -0.3073547086227371 0.3083957670553855 330
-0.3055802219663515 0.2880272037812839 -0.06799414177779911 331
-0.2668164804411057 0.06992082119377897 -0.3270933448034143 332
-0.3147081034186713 -0.2424055802254822 0.0898597761022306 333
0.009914754098115583 0.304796522250282 -0.3099515156670071 334
0.001074762785465519 0.3118373526750954 0.3053803386138887 335
0.268582025999007 0.08591087862585457 -0.3266325938376312 336
0.2595038928391384 -0.09244429455991852 0.3312434625002253 337
-0.1969785775743304 -0.3259942134537818 -0.1236467811548225 338
-0.3164048192011383 -0.2072258305986763 -0.1244530539226143 339
0.3413865977022643 0.2307582057580184 -0.09107616767794469 340
-0.3424148007311311 0.05617360639387131 -0.1640382365795219 341
0.3209936589824548 -0.2361539890211118 -0.09775891951313796 342
0.3442829903809809 0.1275390945728241 0.1051181431584569 343
-0.2493146393725925 0.3282168322668063 0.1039035270481823 344
0.3415542527300761 -0.1298875768376491 0.1232021818910463 345
-0.332689163270711 0.1122962042000873 0.2409608974160813 346
0.1659026483654232 -0.340510495576699 -0.1552394878007886 347
0.179663715168203 -0.1139628193352163 -0.3379862920693238 348
-0.1332240159480947 -0.1916598906021562 -0.3357787151772229 349
0.0922955996425076 0.3561577074587665 0.1641920009956883 350
-0.0350877870376638 -0.3546777768582278 -0.1466722749108429 351
-0.1283776254392889 -0.1908196504584317 0.329034850635245 352
0.1605859798812689 0.08441309249885326 0.353562538415933 353
0.3443289575578946 0.08528544010575279 -0.1760957876985445 354
